16374595497
16374144035
16374523439
16374987430
16374470837
16374700133
16374233335
16374195106
16374335126
16374509449
16374853895
16374226851
16374996572
16374875961
16374939785
16374570382
16374376442
16374792613
16374759205
16374983245
16374566587
16374265949
16374996832
16374115998
16374867979
16374437160
16374906773
16374356764
16374837573
16374145479
16374148164
16374917090
16374268181
16374273097
16374925757
16374285520
16374247774
16374106931
16374978171
16374856233
16374567183
16374549419
16374390866
16374231265
16374927411
16374111905
16374330993
16374325633
16374309460
16374332288
16374242458
16374728846
16374630604
16374434372
16374735228
16374395112
16374928555
16374794816
16374104286
16374914126
16374385465
16374161107
16374130521
16374657989
16374354262
16374847266
16374319051
16374218900
16374292670
16374517550
16374686827
16374162172
16374295625
16374991092
16374677090
16374232564
16374408195
16374632374
16374909842
16374954916
16374253889
16374908967
16374584131
16374376291
16374737711
16374605052
16374176173
16374537017
16374223378
16374169528
16374657365
16374709374
16374201603
16374775028
16374364236
16374365313
16374316230
16374431090
16374290822
16374741882
16374572769
